          source_section           target_section  target_heldout_cross_entropy  target_perplexity  token_matching_rate  token_mass_coverage  suffix_top1  suffix_top3  delta_vs_target_own_model  delta_vs_global_model
                  herbal                   herbal                     12.060468        4271.326433             0.522124             0.745392     0.671083     0.885945                   0.000000              -0.260811
                  herbal      astronomical_zodiac                     15.132914       35930.321445             0.496124             0.542254     0.584507     0.852113                   0.363536               0.230410
                  herbal biological_balneological                     12.411084        5446.386608             0.508046             0.759557     0.791751     0.938632                   2.212856               1.543279
                  herbal             cosmological                     13.090210        8720.590542             0.608040             0.666667     0.629630     0.872428                  -0.066250               0.352772
                  herbal           pharmaceutical                     13.111133        8847.983791             0.555556             0.679688     0.619792     0.861979                   0.605984               0.190369
                  herbal            recipes_stars                     13.099917        8779.466066             0.453409             0.701031     0.714053     0.892566                   1.438422               1.322246
                  herbal                  unknown                     13.666950       13006.545908             0.480695             0.637975     0.618987     0.856962                   0.789211               0.919210
     astronomical_zodiac                   herbal                     14.137815       18026.292316             0.133850             0.340438     0.524194     0.731567                   2.077347               1.816536
     astronomical_zodiac      astronomical_zodiac                     14.769379       27927.109689             0.248062             0.302817     0.450704     0.640845                   0.000000              -0.133126
     astronomical_zodiac biological_balneological                     15.125045       35734.862958             0.149425             0.248491     0.498994     0.621730                   4.926816               4.257240
     astronomical_zodiac             cosmological                     14.069146       17188.383769             0.266332             0.325103     0.514403     0.687243                   0.912686               1.331708
     astronomical_zodiac           pharmaceutical                     13.820631       14468.537215             0.222222             0.395833     0.471354     0.731771                   1.315483               0.899868
     astronomical_zodiac            recipes_stars                     14.730292       27180.641705             0.119318             0.288660     0.542051     0.728161                   3.068796               2.952621
     astronomical_zodiac                  unknown                     14.499918       23169.165699             0.152510             0.277215     0.474684     0.679747                   1.622179               1.752178
biological_balneological                   herbal                     14.377209       21279.980565             0.257743             0.490783     0.566820     0.769585                   2.316741               2.055930
biological_balneological      astronomical_zodiac                     17.448039      178806.443569             0.279070             0.316901     0.373239     0.563380                   2.678661               2.545535
biological_balneological biological_balneological                     10.198228        1174.823372             0.540230             0.791751     0.827968     0.916499                   0.000000              -0.669576
biological_balneological             cosmological                     14.734318       27256.606254             0.386935             0.465021     0.547325     0.703704                   1.577858               1.996881
biological_balneological           pharmaceutical                     14.897973       30530.702290             0.307407             0.432292     0.523438     0.705729                   2.392824               1.977210
biological_balneological            recipes_stars                     12.597610        6198.098865             0.334091             0.634292     0.669018     0.825285                   0.936114               0.819939
biological_balneological                  unknown                     14.208094       18926.164707             0.347490             0.513924     0.540506     0.739241                   1.330355               1.460354
            cosmological                   herbal                     13.575785       12210.083936             0.205752             0.457373     0.551843     0.766129                   1.515317               1.254506
            cosmological      astronomical_zodiac                     14.766356       27868.668607             0.317829             0.366197     0.514085     0.683099                  -0.003022              -0.136148
            cosmological biological_balneological                     13.227481        9591.102666             0.257471             0.517103     0.651911     0.792757                   3.029253               2.359676
            cosmological             cosmological                     13.156461        9130.388726             0.402010             0.481481     0.576132     0.761317                   0.000000               0.419023
            cosmological           pharmaceutical                     13.661459       12957.137301             0.288889             0.460938     0.489583     0.755208                   1.156311               0.740696
            cosmological            recipes_stars                     13.387610       10716.976407             0.200000             0.477482     0.600651     0.801953                   1.726114               1.609939
            cosmological                  unknown                     13.441125       11121.972601             0.291506             0.469620     0.535443     0.748101                   0.563386               0.693384
          pharmaceutical                   herbal                     13.530974       11836.658067             0.226770             0.489055     0.574885     0.756912                   1.470506               1.209695
          pharmaceutical      astronomical_zodiac                     15.232609       38501.023591             0.263566             0.309859     0.507042     0.676056                   0.463231               0.330105
          pharmaceutical biological_balneological                     14.325802       20535.071668             0.195402             0.439638     0.630785     0.724346                   4.127574               3.457998
          pharmaceutical             cosmological                     13.985385       16218.858111             0.341709             0.419753     0.580247     0.765432                   0.828924               1.247947
          pharmaceutical           pharmaceutical                     12.505149        5813.328456             0.403704             0.562500     0.598958     0.778646                   0.000000              -0.415615
          pharmaceutical            recipes_stars                     14.350799       20893.975249             0.205682             0.429734     0.597396     0.734672                   2.689304               2.573128
          pharmaceutical                  unknown                     14.280488       19900.103152             0.264479             0.429114     0.539241     0.702532                   1.402749               1.532748
           recipes_stars                   herbal                     13.692778       13241.490430             0.393805             0.626728     0.622696     0.870968                   1.632309               1.371498
           recipes_stars      astronomical_zodiac                     15.948189       63224.193257             0.418605             0.457746     0.521127     0.838028                   1.178810               1.045685
           recipes_stars biological_balneological                     11.136833        2251.753979             0.593103             0.806841     0.803823     0.949698                   0.938605               0.269029
           recipes_stars             cosmological                     13.452205       11207.717504             0.567839             0.633745     0.629630     0.872428                   0.295744               0.714767
           recipes_stars           pharmaceutical                     13.908074       15372.599831             0.462963             0.601562     0.606771     0.859375                   1.402925               0.987310
           recipes_stars            recipes_stars                     11.661496        3239.366129             0.556818             0.779707     0.734672     0.913185                   0.000000              -0.116175
           recipes_stars                  unknown                     13.267626        9861.733637             0.513514             0.660759     0.615190     0.884810                   0.389886               0.519885
                 unknown                   herbal                     13.388832       10726.052845             0.358407             0.614631     0.627880     0.856567                   1.328363               1.067552
                 unknown      astronomical_zodiac                     15.275879       39673.245495             0.418605             0.471831     0.584507     0.838028                   0.506500               0.373375
                 unknown biological_balneological                     11.896676        3812.907263             0.459770             0.737425     0.791751     0.931590                   1.698448               1.028871
                 unknown             cosmological                     13.301754       10097.805125             0.527638             0.592593     0.625514     0.843621                   0.145294               0.564316
                 unknown           pharmaceutical                     13.485697       11470.950180             0.459259             0.606771     0.611979     0.841146                   0.980549               0.564934
                 unknown            recipes_stars                     12.732671        6806.376302             0.378409             0.664135     0.703744     0.880087                   1.071175               0.955000
                 unknown                  unknown                     12.877739        7526.374016             0.500000             0.653165     0.644304     0.887342                   0.000000               0.129999